Time 0
Waiting clients: (5,2,2);(19,3,6);(50,3,1);(2,4,4);(44,3,4);(26,4,2);(30,9,5);(35,4,4);(8,7,4);(40,7,3);(22,5,1);(12,7,6);(24,13,1);(28,14,2);(14,10,4);(17,11,1);(32,7,1);(37,21,3);(18,15,4);(10,14,2);(42,12,4);(45,7,6);(47,20,5);(6,17,4);(3,16,2);(13,35,3);(27,13,3);(7,34,2);(29,34,6);(15,38,1);(31,18,5);(16,32,2);(33,33,1);(34,29,6);(4,20,5);(36,28,2);(9,23,6);(38,26,1);(39,26,1);(20,37,3);(41,14,2);(21,18,6);(43,35,1);(11,36,1);(1,14,3);(46,35,6);(23,28,6);(48,24,5);(49,26,1);(25,33,1);
Queue 1: closed
Queue 2: closed
Queue 3: closed
Queue 4: closed
Queue 5: closed
Time 1
Waiting clients: (5,2,2);(19,3,6);(50,3,1);(2,4,4);(44,3,4);(26,4,2);(30,9,5);(35,4,4);(8,7,4);(40,7,3);(22,5,1);(12,7,6);(24,13,1);(28,14,2);(14,10,4);(17,11,1);(32,7,1);(37,21,3);(18,15,4);(10,14,2);(42,12,4);(45,7,6);(47,20,5);(6,17,4);(3,16,2);(13,35,3);(27,13,3);(7,34,2);(29,34,6);(15,38,1);(31,18,5);(16,32,2);(33,33,1);(34,29,6);(4,20,5);(36,28,2);(9,23,6);(38,26,1);(39,26,1);(20,37,3);(41,14,2);(21,18,6);(43,35,1);(11,36,1);(1,14,3);(46,35,6);(23,28,6);(48,24,5);(49,26,1);(25,33,1);
Queue 1: closed
Queue 2: closed
Queue 3: closed
Queue 4: closed
Queue 5: closed
Time 2
Waiting clients: (19,3,6);(44,3,4);(50,3,1);(2,4,4);(22,5,1);(26,4,2);(30,9,5);(35,4,4);(8,7,4);(40,7,3);(45,7,6);(12,7,6);(24,13,1);(28,14,2);(14,10,4);(17,11,1);(32,7,1);(37,21,3);(18,15,4);(10,14,2);(42,12,4);(1,14,3);(47,20,5);(6,17,4);(3,16,2);(13,35,3);(27,13,3);(7,34,2);(29,34,6);(15,38,1);(31,18,5);(16,32,2);(33,33,1);(34,29,6);(4,20,5);(36,28,2);(9,23,6);(38,26,1);(39,26,1);(20,37,3);(41,14,2);(21,18,6);(43,35,1);(11,36,1);(25,33,1);(46,35,6);(23,28,6);(48,24,5);(49,26,1);
Queue 1: (5,2,2);
Queue 2: closed
Queue 3: closed
Queue 4: closed
Queue 5: closed
Time 3
Waiting clients: (2,4,4);(35,4,4);(26,4,2);(32,7,1);(22,5,1);(12,7,6);(30,9,5);(17,11,1);(8,7,4);(40,7,3);(45,7,6);(3,16,2);(24,13,1);(28,14,2);(14,10,4);(23,28,6);(4,20,5);(37,21,3);(18,15,4);(10,14,2);(42,12,4);(1,14,3);(47,20,5);(6,17,4);(48,24,5);(13,35,3);(27,13,3);(7,34,2);(29,34,6);(15,38,1);(31,18,5);(16,32,2);(33,33,1);(34,29,6);(49,26,1);(36,28,2);(9,23,6);(38,26,1);(39,26,1);(20,37,3);(41,14,2);(21,18,6);(43,35,1);(11,36,1);(25,33,1);(46,35,6);
Queue 1: (5,2,1);
Queue 2: (19,3,6);
Queue 3: (44,3,4);
Queue 4: (50,3,1);
Queue 5: closed
Time 4
Waiting clients: (22,5,1);(32,7,1);(12,7,6);(8,7,4);(40,7,3);(24,13,1);(30,9,5);(17,11,1);(18,15,4);(42,12,4);(45,7,6);(3,16,2);(27,13,3);(28,14,2);(14,10,4);(23,28,6);(4,20,5);(37,21,3);(38,26,1);(10,14,2);(21,18,6);(1,14,3);(47,20,5);(6,17,4);(48,24,5);(13,35,3);(25,33,1);(7,34,2);(29,34,6);(15,38,1);(31,18,5);(16,32,2);(33,33,1);(34,29,6);(49,26,1);(36,28,2);(9,23,6);(11,36,1);(39,26,1);(20,37,3);(41,14,2);(46,35,6);(43,35,1);
Queue 1: (2,4,4);
Queue 2: (19,3,5);
Queue 3: (44,3,3);
Queue 4: (35,4,4);
Queue 5: (26,4,2);
Time 5
Waiting clients: (32,7,1);(8,7,4);(12,7,6);(17,11,1);(40,7,3);(24,13,1);(30,9,5);(4,20,5);(18,15,4);(42,12,4);(45,7,6);(3,16,2);(27,13,3);(28,14,2);(14,10,4);(23,28,6);(49,26,1);(37,21,3);(38,26,1);(10,14,2);(21,18,6);(1,14,3);(47,20,5);(6,17,4);(48,24,5);(13,35,3);(25,33,1);(7,34,2);(29,34,6);(15,38,1);(31,18,5);(16,32,2);(33,33,1);(34,29,6);(43,35,1);(36,28,2);(9,23,6);(11,36,1);(39,26,1);(20,37,3);(41,14,2);(46,35,6);
Queue 1: (2,4,3);
Queue 2: (19,3,4);
Queue 3: (44,3,2);
Queue 4: (35,4,3);
Queue 5: (26,4,1);(22,5,1);
Time 6
Waiting clients: (32,7,1);(8,7,4);(12,7,6);(17,11,1);(40,7,3);(24,13,1);(30,9,5);(4,20,5);(18,15,4);(42,12,4);(45,7,6);(3,16,2);(27,13,3);(28,14,2);(14,10,4);(23,28,6);(49,26,1);(37,21,3);(38,26,1);(10,14,2);(21,18,6);(1,14,3);(47,20,5);(6,17,4);(48,24,5);(13,35,3);(25,33,1);(7,34,2);(29,34,6);(15,38,1);(31,18,5);(16,32,2);(33,33,1);(34,29,6);(43,35,1);(36,28,2);(9,23,6);(11,36,1);(39,26,1);(20,37,3);(41,14,2);(46,35,6);
Queue 1: (2,4,2);
Queue 2: (19,3,3);
Queue 3: (44,3,1);
Queue 4: (35,4,2);
Queue 5: (22,5,1);
Time 7
Waiting clients: (30,9,5);(17,11,1);(14,10,4);(18,15,4);(42,12,4);(24,13,1);(28,14,2);(4,20,5);(37,21,3);(41,14,2);(1,14,3);(3,16,2);(27,13,3);(7,34,2);(31,18,5);(23,28,6);(49,26,1);(9,23,6);(38,26,1);(10,14,2);(21,18,6);(46,35,6);(47,20,5);(6,17,4);(48,24,5);(13,35,3);(25,33,1);(11,36,1);(29,34,6);(15,38,1);(39,26,1);(16,32,2);(33,33,1);(34,29,6);(43,35,1);(36,28,2);(20,37,3);
Queue 1: (2,4,1);(40,7,3);
Queue 2: (19,3,2);
Queue 3: (32,7,1);(45,7,6);
Queue 4: (35,4,1);(12,7,6);
Queue 5: (8,7,4);
Time 8
Waiting clients: (30,9,5);(17,11,1);(14,10,4);(18,15,4);(42,12,4);(24,13,1);(28,14,2);(4,20,5);(37,21,3);(41,14,2);(1,14,3);(3,16,2);(27,13,3);(7,34,2);(31,18,5);(23,28,6);(49,26,1);(9,23,6);(38,26,1);(10,14,2);(21,18,6);(46,35,6);(47,20,5);(6,17,4);(48,24,5);(13,35,3);(25,33,1);(11,36,1);(29,34,6);(15,38,1);(39,26,1);(16,32,2);(33,33,1);(34,29,6);(43,35,1);(36,28,2);(20,37,3);
Queue 1: (40,7,3);
Queue 2: (19,3,1);
Queue 3: (45,7,6);
Queue 4: (12,7,6);
Queue 5: (8,7,3);
Time 9
Waiting clients: (14,10,4);(17,11,1);(24,13,1);(18,15,4);(42,12,4);(27,13,3);(28,14,2);(4,20,5);(37,21,3);(41,14,2);(1,14,3);(3,16,2);(25,33,1);(7,34,2);(31,18,5);(23,28,6);(49,26,1);(9,23,6);(38,26,1);(10,14,2);(21,18,6);(46,35,6);(47,20,5);(6,17,4);(48,24,5);(13,35,3);(20,37,3);(11,36,1);(29,34,6);(15,38,1);(39,26,1);(16,32,2);(33,33,1);(34,29,6);(43,35,1);(36,28,2);
Queue 1: (40,7,2);
Queue 2: (30,9,5);
Queue 3: (45,7,5);
Queue 4: (12,7,5);
Queue 5: (8,7,2);
Time 10
Waiting clients: (17,11,1);(42,12,4);(24,13,1);(18,15,4);(41,14,2);(27,13,3);(28,14,2);(4,20,5);(37,21,3);(10,14,2);(1,14,3);(3,16,2);(25,33,1);(7,34,2);(31,18,5);(23,28,6);(49,26,1);(9,23,6);(38,26,1);(36,28,2);(21,18,6);(46,35,6);(47,20,5);(6,17,4);(48,24,5);(13,35,3);(20,37,3);(11,36,1);(29,34,6);(15,38,1);(39,26,1);(16,32,2);(33,33,1);(34,29,6);(43,35,1);
Queue 1: (40,7,1);(14,10,4);
Queue 2: (30,9,4);
Queue 3: (45,7,4);
Queue 4: (12,7,4);
Queue 5: (8,7,1);
Time 11
Waiting clients: (42,12,4);(41,14,2);(24,13,1);(18,15,4);(10,14,2);(27,13,3);(28,14,2);(4,20,5);(37,21,3);(21,18,6);(1,14,3);(3,16,2);(25,33,1);(7,34,2);(31,18,5);(23,28,6);(49,26,1);(9,23,6);(38,26,1);(36,28,2);(43,35,1);(46,35,6);(47,20,5);(6,17,4);(48,24,5);(13,35,3);(20,37,3);(11,36,1);(29,34,6);(15,38,1);(39,26,1);(16,32,2);(33,33,1);(34,29,6);
Queue 1: (14,10,4);
Queue 2: (30,9,3);
Queue 3: (45,7,3);
Queue 4: (12,7,3);
Queue 5: (17,11,1);
Time 12
Waiting clients: (24,13,1);(41,14,2);(27,13,3);(18,15,4);(10,14,2);(3,16,2);(28,14,2);(4,20,5);(37,21,3);(21,18,6);(1,14,3);(6,17,4);(25,33,1);(7,34,2);(31,18,5);(23,28,6);(49,26,1);(9,23,6);(38,26,1);(36,28,2);(43,35,1);(46,35,6);(47,20,5);(34,29,6);(48,24,5);(13,35,3);(20,37,3);(11,36,1);(29,34,6);(15,38,1);(39,26,1);(16,32,2);(33,33,1);
Queue 1: (14,10,3);
Queue 2: (30,9,2);
Queue 3: (45,7,2);
Queue 4: (12,7,2);
Queue 5: (42,12,4);
Time 13
Waiting clients: (41,14,2);(10,14,2);(28,14,2);(18,15,4);(1,14,3);(3,16,2);(31,18,5);(4,20,5);(37,21,3);(21,18,6);(47,20,5);(6,17,4);(25,33,1);(7,34,2);(39,26,1);(23,28,6);(49,26,1);(9,23,6);(38,26,1);(36,28,2);(43,35,1);(46,35,6);(16,32,2);(34,29,6);(48,24,5);(13,35,3);(20,37,3);(11,36,1);(29,34,6);(15,38,1);(33,33,1);
Queue 1: (14,10,2);
Queue 2: (30,9,1);(24,13,1);
Queue 3: (45,7,1);(27,13,3);
Queue 4: (12,7,1);
Queue 5: (42,12,3);
Time 14
Waiting clients: (18,15,4);(21,18,6);(3,16,2);(4,20,5);(47,20,5);(6,17,4);(31,18,5);(49,26,1);(37,21,3);(36,28,2);(16,32,2);(48,24,5);(25,33,1);(7,34,2);(39,26,1);(23,28,6);(15,38,1);(9,23,6);(38,26,1);(33,33,1);(43,35,1);(46,35,6);(11,36,1);(34,29,6);(29,34,6);(13,35,3);(20,37,3);
Queue 1: (14,10,1);(41,14,2);
Queue 2: (24,13,1);(1,14,3);
Queue 3: (27,13,3);
Queue 4: (10,14,2);(28,14,2);
Queue 5: (42,12,2);
Time 15
Waiting clients: (3,16,2);(21,18,6);(6,17,4);(4,20,5);(47,20,5);(48,24,5);(31,18,5);(49,26,1);(37,21,3);(36,28,2);(16,32,2);(34,29,6);(25,33,1);(7,34,2);(39,26,1);(23,28,6);(15,38,1);(9,23,6);(38,26,1);(33,33,1);(43,35,1);(46,35,6);(11,36,1);(20,37,3);(29,34,6);(13,35,3);
Queue 1: (41,14,2);(18,15,4);
Queue 2: (1,14,3);
Queue 3: (27,13,2);
Queue 4: (10,14,1);(28,14,2);
Queue 5: (42,12,1);
Time 16
Waiting clients: (6,17,4);(21,18,6);(31,18,5);(4,20,5);(47,20,5);(48,24,5);(39,26,1);(49,26,1);(37,21,3);(36,28,2);(16,32,2);(34,29,6);(25,33,1);(7,34,2);(13,35,3);(23,28,6);(15,38,1);(9,23,6);(38,26,1);(33,33,1);(43,35,1);(46,35,6);(11,36,1);(20,37,3);(29,34,6);
Queue 1: (41,14,1);(18,15,4);
Queue 2: (1,14,2);
Queue 3: (27,13,1);
Queue 4: (28,14,2);
Queue 5: (3,16,2);
Time 17
Waiting clients: (21,18,6);(4,20,5);(31,18,5);(37,21,3);(47,20,5);(48,24,5);(39,26,1);(49,26,1);(9,23,6);(36,28,2);(16,32,2);(34,29,6);(25,33,1);(7,34,2);(13,35,3);(23,28,6);(15,38,1);(29,34,6);(38,26,1);(33,33,1);(43,35,1);(46,35,6);(11,36,1);(20,37,3);
Queue 1: (18,15,4);
Queue 2: (1,14,1);
Queue 3: (6,17,4);
Queue 4: (28,14,1);
Queue 5: (3,16,1);
Time 18
Waiting clients: (4,20,5);(47,20,5);(48,24,5);(37,21,3);(36,28,2);(34,29,6);(39,26,1);(49,26,1);(9,23,6);(33,33,1);(16,32,2);(20,37,3);(25,33,1);(7,34,2);(13,35,3);(23,28,6);(15,38,1);(29,34,6);(38,26,1);(11,36,1);(43,35,1);(46,35,6);
Queue 1: (18,15,3);
Queue 2: (21,18,6);
Queue 3: (6,17,3);
Queue 4: (31,18,5);
Queue 5: closed
Time 19
Waiting clients: (4,20,5);(47,20,5);(48,24,5);(37,21,3);(36,28,2);(34,29,6);(39,26,1);(49,26,1);(9,23,6);(33,33,1);(16,32,2);(20,37,3);(25,33,1);(7,34,2);(13,35,3);(23,28,6);(15,38,1);(29,34,6);(38,26,1);(11,36,1);(43,35,1);(46,35,6);
Queue 1: (18,15,2);
Queue 2: (21,18,5);
Queue 3: (6,17,2);
Queue 4: (31,18,4);
Queue 5: closed
Time 20
Waiting clients: (37,21,3);(9,23,6);(48,24,5);(49,26,1);(36,28,2);(34,29,6);(39,26,1);(23,28,6);(38,26,1);(33,33,1);(16,32,2);(20,37,3);(25,33,1);(7,34,2);(13,35,3);(43,35,1);(15,38,1);(29,34,6);(46,35,6);(11,36,1);
Queue 1: (18,15,1);(47,20,5);
Queue 2: (21,18,4);
Queue 3: (6,17,1);
Queue 4: (31,18,3);
Queue 5: (4,20,5);
Time 21
Waiting clients: (9,23,6);(49,26,1);(48,24,5);(38,26,1);(36,28,2);(34,29,6);(39,26,1);(23,28,6);(29,34,6);(33,33,1);(16,32,2);(20,37,3);(25,33,1);(7,34,2);(13,35,3);(43,35,1);(15,38,1);(11,36,1);(46,35,6);
Queue 1: (47,20,5);
Queue 2: (21,18,3);
Queue 3: (37,21,3);
Queue 4: (31,18,2);
Queue 5: (4,20,4);
Time 22
Waiting clients: (9,23,6);(49,26,1);(48,24,5);(38,26,1);(36,28,2);(34,29,6);(39,26,1);(23,28,6);(29,34,6);(33,33,1);(16,32,2);(20,37,3);(25,33,1);(7,34,2);(13,35,3);(43,35,1);(15,38,1);(11,36,1);(46,35,6);
Queue 1: (47,20,4);
Queue 2: (21,18,2);
Queue 3: (37,21,2);
Queue 4: (31,18,1);
Queue 5: (4,20,3);
Time 23
Waiting clients: (48,24,5);(49,26,1);(39,26,1);(38,26,1);(36,28,2);(34,29,6);(7,34,2);(23,28,6);(29,34,6);(33,33,1);(16,32,2);(20,37,3);(25,33,1);(46,35,6);(13,35,3);(43,35,1);(15,38,1);(11,36,1);
Queue 1: (47,20,3);
Queue 2: (21,18,1);
Queue 3: (37,21,1);
Queue 4: (9,23,6);
Queue 5: (4,20,2);
Time 24
Waiting clients: (49,26,1);(38,26,1);(39,26,1);(23,28,6);(36,28,2);(34,29,6);(7,34,2);(43,35,1);(29,34,6);(33,33,1);(16,32,2);(20,37,3);(25,33,1);(46,35,6);(13,35,3);(11,36,1);(15,38,1);
Queue 1: (47,20,2);
Queue 2: (48,24,5);
Queue 3: closed
Queue 4: (9,23,5);
Queue 5: (4,20,1);
Time 25
Waiting clients: (49,26,1);(38,26,1);(39,26,1);(23,28,6);(36,28,2);(34,29,6);(7,34,2);(43,35,1);(29,34,6);(33,33,1);(16,32,2);(20,37,3);(25,33,1);(46,35,6);(13,35,3);(11,36,1);(15,38,1);
Queue 1: (47,20,1);
Queue 2: (48,24,4);
Queue 3: closed
Queue 4: (9,23,4);
Queue 5: closed
Time 26
Waiting clients: (23,28,6);(36,28,2);(34,29,6);(29,34,6);(16,32,2);(25,33,1);(7,34,2);(43,35,1);(15,38,1);(33,33,1);(13,35,3);(20,37,3);(11,36,1);(46,35,6);
Queue 1: (49,26,1);
Queue 2: (48,24,3);
Queue 3: (38,26,1);
Queue 4: (9,23,3);
Queue 5: (39,26,1);
Time 27
Waiting clients: (23,28,6);(36,28,2);(34,29,6);(29,34,6);(16,32,2);(25,33,1);(7,34,2);(43,35,1);(15,38,1);(33,33,1);(13,35,3);(20,37,3);(11,36,1);(46,35,6);
Queue 1: closed
Queue 2: (48,24,2);
Queue 3: closed
Queue 4: (9,23,2);
Queue 5: closed
Time 28
Waiting clients: (34,29,6);(16,32,2);(25,33,1);(29,34,6);(33,33,1);(11,36,1);(7,34,2);(43,35,1);(15,38,1);(46,35,6);(13,35,3);(20,37,3);
Queue 1: (23,28,6);
Queue 2: (48,24,1);
Queue 3: (36,28,2);
Queue 4: (9,23,1);
Queue 5: closed
Time 29
Waiting clients: (16,32,2);(33,33,1);(25,33,1);(29,34,6);(46,35,6);(11,36,1);(7,34,2);(43,35,1);(15,38,1);(20,37,3);(13,35,3);
Queue 1: (23,28,5);
Queue 2: (34,29,6);
Queue 3: (36,28,1);
Queue 4: closed
Queue 5: closed
Time 30
Waiting clients: (16,32,2);(33,33,1);(25,33,1);(29,34,6);(46,35,6);(11,36,1);(7,34,2);(43,35,1);(15,38,1);(20,37,3);(13,35,3);
Queue 1: (23,28,4);
Queue 2: (34,29,5);
Queue 3: closed
Queue 4: closed
Queue 5: closed
Time 31
Waiting clients: (16,32,2);(33,33,1);(25,33,1);(29,34,6);(46,35,6);(11,36,1);(7,34,2);(43,35,1);(15,38,1);(20,37,3);(13,35,3);
Queue 1: (23,28,3);
Queue 2: (34,29,4);
Queue 3: closed
Queue 4: closed
Queue 5: closed
Time 32
Waiting clients: (33,33,1);(29,34,6);(25,33,1);(13,35,3);(46,35,6);(11,36,1);(7,34,2);(43,35,1);(15,38,1);(20,37,3);
Queue 1: (23,28,2);
Queue 2: (34,29,3);
Queue 3: (16,32,2);
Queue 4: closed
Queue 5: closed
Time 33
Waiting clients: (29,34,6);(13,35,3);(7,34,2);(43,35,1);(46,35,6);(11,36,1);(20,37,3);(15,38,1);
Queue 1: (23,28,1);
Queue 2: (34,29,2);
Queue 3: (16,32,1);
Queue 4: (33,33,1);
Queue 5: (25,33,1);
Time 34
Waiting clients: (13,35,3);(43,35,1);(11,36,1);(20,37,3);(46,35,6);(15,38,1);
Queue 1: (29,34,6);
Queue 2: (34,29,1);
Queue 3: (7,34,2);
Queue 4: closed
Queue 5: closed
Time 35
Waiting clients: (11,36,1);(20,37,3);(15,38,1);
Queue 1: (29,34,5);
Queue 2: (13,35,3);
Queue 3: (7,34,1);
Queue 4: (43,35,1);
Queue 5: (46,35,6);
Time 36
Waiting clients: (20,37,3);(15,38,1);
Queue 1: (29,34,4);
Queue 2: (13,35,2);
Queue 3: (11,36,1);
Queue 4: closed
Queue 5: (46,35,5);
Time 37
Waiting clients: (15,38,1);
Queue 1: (29,34,3);
Queue 2: (13,35,1);
Queue 3: (20,37,3);
Queue 4: closed
Queue 5: (46,35,4);
Time 38
Waiting clients: 
Queue 1: (29,34,2);
Queue 2: (15,38,1);
Queue 3: (20,37,2);
Queue 4: closed
Queue 5: (46,35,3);
Time 39
Waiting clients: 
Queue 1: (29,34,1);
Queue 2: closed
Queue 3: (20,37,1);
Queue 4: closed
Queue 5: (46,35,2);
Time 40
Waiting clients: 
Queue 1: closed
Queue 2: closed
Queue 3: closed
Queue 4: closed
Queue 5: (46,35,1);
Time 41
Waiting clients: 
Queue 1: closed
Queue 2: closed
Queue 3: closed
Queue 4: closed
Queue 5: closed
Average waiting time: 3.3
